,Country,MIN_AGE,MAX_AGE,NumHouseChildren,NumMaleChildrenHousehold,NumFemaleChildrenHousehold,Units,Units7,Units30,Units90,Units180,Units360,FrequencyLF,FrequencyApp,FreqGamePlay,FrequencyLF7,FrequencyApp7,FreqGamePlay7,FrequencyLF30,FrequencyApp30,FreqGamePlay30,FrequencyLF90,FrequencyApp90,FreqGamePlay90,FrequencyLF180,FrequencyApp180,FreqGamePlay180,FrequencyLF360,FrequencyApp360,FreqGamePlay360,TotalRevenueGenerated,Revenue7,Revenue30,Revenue90,Revenue180,Revenue360,TotalTimeGamePlay,TotalTimeGamePlay7,TotalTimeGamePlay30,TotalTimeGamePlay90,TotalTimeGamePlay180,TotalTimeGamePlay360,NumGamesBought,NumGamesPlayed,NumGamesPlayed7,NumGamesPlayed30,NumGamesPlayed90,NumGamesPlayed180,NumGamesPlayed360,RecencyApp,RecencyApp7,RecencyApp30,RecencyApp90,RecencyApp180,RecencyApp360,RecencyLF,RecencyLF7,RecencyLF30,RecencyLF90,RecencyLF180,RecencyLF360,Recencydown,Recencydown7,Recencydown30,Recencydown90,Recencydown180,Recencydown360,maxRecencyCum,minRecencyCum,maxRecencyCum7,minRecencyCum7,maxRecencyCum30,minRecencyCum30,maxRecencyCum90,minRecencyCum90,maxRecencyCum180,minRecencyCum180,maxRecencyCum360,minRecencyCum360,FavSourceBin,FavChannelBin,FavChannel7Bin,FavSource7Bin,FavChannel30Bin,FavSource30Bin,FavChannel90Bin,FavSource90Bin,FavChannel180Bin,FavSource180Bin,FavChannel360Bin,FavSource360Bin,FavGameBin,FavGame7Bin,FavGame30Bin,FavGame90Bin,FavGame180Bin,FavGame360Bin,StrengthOfFavoriteGame,TenureDays
Country,1,0.173301548,0.380042555,0.205177453,0.105300031,0.101664851,0.128203906,0.006006171,0.014020733,0.034070524,0.035031624,0.134212682,0.647706047,0.066412814,0.042511046,NA,NA,NA,NA,0.006305597,NA,NA,0.022320695,NA,NA,0.023633,0.02994617,0.598581742,0.054566108,0.039396597,0.257537323,0.00301006,0.015452547,0.0409827,0.039522103,0.260204168,NA,NA,NA,NA,NA,NA,0.066412814,0.072680828,NA,0.036243409,0.054845463,0.060930705,0.076921705,-0.086764682,-0.018304574,-0.030556198,-0.040135494,-0.034221499,-0.05470303,0.632750373,0.139613968,0.271237718,0.3180959,0.331726358,0.575634663,-0.003238532,-0.031420052,-0.033152061,-0.029249552,-0.028087298,-0.031632782,1.85E-05,-0.038290289,-0.029712663,-0.029069637,-0.036090012,-0.036107708,-0.033006066,-0.033815572,-0.024366343,-0.025371462,-0.02448631,-0.066254579,0.219315966,0.906039145,0.053976953,0.050513794,0.072725016,0.064687299,0.063170991,0.050419512,0.064449026,0.049684083,0.017146203,0.005542034,0.093355988,0.070704049,0.059695769,0.070160383,0.085064367,0.095496563,0.063277018,-0.366328448
MIN_AGE,0.173301548,1,0.40967742,-0.137916211,-0.088407886,-0.063009514,-0.021166033,0.007645444,0.008195327,0.009702802,0.01431311,0.011414502,0.005269664,-0.022962452,-0.002238446,0.003812684,0.006861576,0.002798967,-0.002073464,0.008231121,0.003206892,-0.002193704,0.011539273,0.005620443,-0.002984311,0.017450969,0.018342622,0.009722589,0.008306607,0.016842476,0.010754462,0.010979288,0.008661153,0.01105541,0.019991388,0.024045688,0.00191764,0.001707004,0.002665298,0.000115472,2.57E-05,0.001875724,-0.022962452,-0.006396368,0.002884118,0.004782897,0.007331384,0.010065379,0.011480284,0.013861024,0.009883969,0.015776342,0.012300381,0.011470477,0.015583108,0.00579609,0.003077489,0.000127803,-0.00266586,-0.002918844,0.0012764,-0.003016111,-0.002460625,0.000769384,0.003128357,0.003661831,-0.00400021,0.014750031,0.019131275,0.006651911,0.006800828,0.011362048,0.012577102,0.012575552,0.008719418,0.010556062,0.008219404,0.011686849,0.012027426,-0.000736486,0.0188327,-0.022813112,-0.022554886,-0.023848283,-0.023303223,-0.008679875,-0.020162546,-0.015436983,-0.023261592,-0.022905285,-0.021213074,0.007785148,-0.011475211,-0.006304972,0.003420063,0.001272873,0.005859206,0.001692856,-0.001514868
MAX_AGE,0.380042555,0.40967742,1,0.290346909,0.167366782,0.151720666,0.032318852,0.020364808,0.028352094,0.043485002,0.043531819,0.049948681,0.028778866,0.027826567,0.033850385,0.000495997,0.019923376,0.010783051,0.003072598,0.027547963,0.020244695,0.010011777,0.042063141,0.037751028,0.008410773,0.044289849,0.041898975,0.024166038,0.046688679,0.046239836,0.042293891,0.019242771,0.024891644,0.039462735,0.042563542,0.046743917,0.010492049,0.001183762,0.003120736,0.004798228,0.00651974,0.008404696,0.027826567,0.060892643,0.017328602,0.038990632,0.054087604,0.055669144,0.063977054,0.010802727,0.023475846,0.028891102,0.034492615,0.036506647,0.033207528,0.023779553,0.000850059,0.002690671,0.005760942,0.008884539,0.01491479,-0.009539669,0.020882887,0.022737793,0.023927307,0.024016918,0.015284488,0.015850141,0.016104393,0.025310325,0.025679913,0.033047892,0.030927328,0.038995359,0.034944824,0.041498996,0.036394442,0.035191798,0.022360166,0.025187763,0.02807952,-0.039012291,-0.04033499,-0.042339376,-0.046517362,-0.047094174,-0.055983935,-0.047296513,-0.057893477,-0.029689389,-0.042083135,0.042523918,-0.029293628,-0.013707819,-0.006698077,0.005142223,0.017598186,0.027358303,-0.012751895
NumHouseChildren,0.205177453,-0.137916211,0.290346909,1,0.560278943,0.538981325,0.176197215,0.078713629,0.112759746,0.131514541,0.143421429,0.169432937,0.055929813,0.164801834,0.166428905,0.004035909,0.076389596,0.051444442,0.022528921,0.107550953,0.07649822,0.032861208,0.129660232,0.110264305,0.032892936,0.141228866,0.120067313,0.05047148,0.158590777,0.156189853,0.15038503,0.066165998,0.098166099,0.114999773,0.128045405,0.127613104,0.040214813,0.010401953,0.016467321,0.024279724,0.030842555,0.035086916,0.164801834,0.247560279,0.084066972,0.13594105,0.167426343,0.178072007,0.209085525,0.041697913,0.070293197,0.095145089,0.110555953,0.121375448,0.111287091,0.052357858,0.0094231,0.02566827,0.035867869,0.038306954,0.040348568,-0.004751294,0.06944587,0.082359651,0.088205106,0.08888127,0.075415636,0.058268666,0.001855021,0.089708358,0.089119036,0.116074501,0.109107178,0.127911521,0.12110911,0.135452586,0.128031714,0.127915531,0.08776649,0.082053366,0.010910557,-0.127426739,-0.137608339,-0.136236299,-0.164873955,-0.154182679,-0.18610436,-0.149581699,-0.197824811,-0.086317447,-0.143040787,0.138678332,-0.05770144,-0.041360613,-0.019868086,-0.002182116,0.02920623,0.100321585,-0.038867121
NumMaleChildrenHousehold,0.105300031,-0.088407886,0.167366782,0.560278943,1,-0.395715239,0.109322376,0.029041901,0.053816038,0.070401641,0.082846334,0.094291319,0.028204198,0.107151215,0.13220177,0.011355536,0.02439474,0.024839085,0.008807122,0.051069229,0.045892769,0.016138668,0.069542186,0.07640257,0.017179656,0.080817972,0.092730954,0.021826151,0.091819008,0.11715629,0.077590645,0.024723585,0.046485088,0.059266613,0.071603744,0.059875946,0.019832009,-0.004275459,-0.000405026,0.009233299,0.014325656,0.014957111,0.107151215,0.149825291,0.048714285,0.078960566,0.100221256,0.113387018,0.131990314,0.013643794,0.028279324,0.041878527,0.054262168,0.061401633,0.052618812,0.019664514,0.010839913,0.014048425,0.013270855,0.01668388,0.017929251,-0.012039252,0.025466194,0.031301941,0.035945393,0.036756401,0.027413885,0.021996825,-0.009096351,0.03782236,0.037652757,0.052161115,0.048467582,0.058689299,0.054894952,0.063893086,0.060297678,0.057934922,0.046693882,0.042091846,-0.023451695,-0.064597482,-0.067598725,-0.076621938,-0.090920223,-0.08576212,-0.106332675,-0.086239974,-0.111575225,-0.043950704,-0.072864985,0.081734987,-0.021191173,-0.007550945,-0.000124474,0.013237512,0.035521611,0.062658978,-0.015531996
NumFemaleChildrenHousehold,0.101664851,-0.063009514,0.151720666,0.538981325,-0.395715239,1,0.084184838,0.057739652,0.070294643,0.074222615,0.074769012,0.091970377,0.033330214,0.073758224,0.050087847,-0.007072884,0.059888689,0.031779152,0.016022577,0.06731273,0.03814738,0.020022804,0.073040666,0.044559186,0.018999382,0.07440071,0.038823529,0.0337643,0.082463386,0.054035435,0.087834438,0.048218976,0.061569071,0.067235458,0.069153807,0.080600714,0.024420209,0.015880848,0.018669845,0.017530374,0.01962833,0.023692083,0.073758224,0.122119711,0.043669902,0.07042673,0.083715325,0.082130083,0.097597955,0.03235749,0.049179067,0.062904056,0.067397534,0.072133279,0.069879334,0.03805401,-0.000575547,0.014173318,0.026272741,0.025506281,0.026503459,0.006974992,0.051100326,0.059483864,0.061242938,0.061167898,0.055738598,0.042235785,0.011306983,0.06100093,0.060519998,0.075652765,0.071683841,0.082138304,0.078454744,0.085207552,0.080635976,0.08290989,0.049826288,0.057345318,0.035184439,-0.097179074,-0.109266211,-0.088762816,-0.112876783,-0.096468258,-0.116074959,-0.087711891,-0.121112088,-0.051756742,-0.085897602,0.068366239,-0.045751038,-0.039270818,-0.022483005,-0.016000918,-0.003650725,0.04610609,-0.027298733
Units,0.128203906,-0.021166033,0.032318852,0.176197215,0.109322376,0.084184838,1,0.213286941,0.305357698,0.387932099,0.438344309,0.628311763,0.309140926,0.913072353,0.28470622,0.043863259,0.202116882,0.042338042,0.106872532,0.285887728,0.070776541,0.145357468,0.365975444,0.118048012,0.155184483,0.417602262,0.145968635,0.271102137,0.558209847,0.201476484,0.766820986,0.191725789,0.281248649,0.353806137,0.404273074,0.475356239,0.079420116,-8.68E-05,0.006869216,0.016799259,0.030059849,0.058185024,0.913072353,0.430421889,0.089113025,0.161052954,0.210861355,0.238608351,0.289140993,-0.169104987,0.123283362,0.142190137,0.136792903,0.123366164,0.061354814,0.193799796,0.041387509,0.085724588,0.12306751,0.137891722,0.149407384,0.020310552,0.071560092,0.088302288,0.096951711,0.098221623,0.076825328,-0.031145625,-0.235184396,0.125071427,0.117779706,0.154173767,0.135215158,0.162858564,0.131356594,0.15985197,0.122666718,0.11438975,0.056454107,0.13982476,-0.131694137,-0.18072804,NA,-0.185695561,NA,-0.178743425,NA,-0.17204589,NA,-0.158764271,-0.280713532,0.210577529,-0.073508744,-0.056181319,0.002032366,0.038102853,0.066010524,0.174711502,-0.114476175
Units7,0.006006171,0.007645444,0.020364808,0.078713629,0.029041901,0.057739652,0.213286941,1,0.724820374,0.599777775,0.52512345,0.339816717,0.026170532,0.213363445,0.117917576,0.238619864,0.946940746,0.147504167,0.116440887,0.721982838,0.131487103,0.093499949,0.614947169,0.156274398,0.082914023,0.534820962,0.158011864,0.031928368,0.356832455,0.169084334,0.158790667,0.912253159,0.651704528,0.514954593,0.457516018,0.203498291,0.053920403,0.026689512,0.036550704,0.046619544,0.054766955,0.066547656,0.213363445,0.193272222,0.230855784,0.268499249,0.274367284,0.256691563,0.232189528,0.225367544,0.684408456,0.642664586,0.525499269,0.462870347,0.365734497,0.089707255,0.212230482,0.200871031,0.165514623,0.144743698,0.113070442,0.034516279,0.289946373,0.275684016,0.253308056,0.245976422,0.21569799,0.255409059,0.068639786,0.622060848,0.595476192,0.594613682,0.584070447,0.500708158,0.488501057,0.447664034,0.434636755,0.369669397,0.280582688,0.05894197,-0.122139923,NA,NA,NA,NA,NA,NA,NA,-0.531381515,-0.208104571,-0.478335033,0.103208741,NA,NA,-0.060674089,-0.023322525,0.038712443,0.076022603,-0.116032269
Units30,0.014020733,0.008195327,0.028352094,0.112759746,0.053816038,0.070294643,0.305357698,0.724820374,1,0.82490519,0.736597987,0.481258717,0.092760772,0.28491198,0.171698973,0.170773714,0.676549062,0.119556231,0.371123317,0.91396132,0.194901517,0.285839119,0.785108203,0.222172599,0.26079821,0.703857654,0.219136467,0.104210786,0.473720284,0.233785307,0.240909552,0.657359129,0.919722586,0.718842647,0.65632833,0.300779991,0.070073256,0.017900229,0.037536397,0.046066857,0.057703442,0.08473262,0.28491198,0.276303358,0.194894928,0.362632321,0.37596164,0.359123896,0.330687014,0.260509168,0.510539012,0.612209552,0.62069378,0.557493022,0.448311217,0.190661305,0.158859886,0.289314559,0.315197342,0.291298002,0.241947881,0.051533957,0.269436268,0.318299826,0.330469124,0.330698157,0.28711947,0.345176374,0.077731502,0.501744004,0.481581514,0.61231772,0.562042494,0.625448218,0.594538034,0.57934628,0.543625431,0.493941208,0.357159304,0.094292159,-0.061516589,NA,NA,NA,NA,NA,NA,NA,NA,-0.240751126,NA,0.144299984,NA,NA,-0.084606612,-0.025140929,0.055689639,0.10961941,-0.234799011
Units90,0.034070524,0.009702802,0.043485002,0.131514541,0.070401641,0.074222615,0.387932099,0.599777775,0.82490519,1,0.909650253,0.603534679,0.128537776,0.354989711,0.224508559,0.147461207,0.560427125,0.118818317,0.289976723,0.760352226,0.198346171,0.385850042,0.933963837,0.305902822,0.353046585,0.85502835,0.292022191,0.142673018,0.586611869,0.301285124,0.319263239,0.55272316,0.765042176,0.91791438,0.848511614,0.392895214,0.07498131,0.017629463,0.036346696,0.052840107,0.067315841,0.0885799,0.354989711,0.350878488,0.191182586,0.359274269,0.4663922,0.449219588,0.417103841,0.273039519,0.425918902,0.513885434,0.538112252,0.570574249,0.484933999,0.239301909,0.130479362,0.234591427,0.319559605,0.342716217,0.301441653,0.04947208,0.250666267,0.303001523,0.318892289,0.320095455,0.268710096,0.382919599,0.072078012,0.437097726,0.420621121,0.537475916,0.49465114,0.583627213,0.513712879,0.609910397,0.558462022,0.539126516,0.387525606,0.109709093,-0.053841497,NA,NA,NA,NA,NA,NA,NA,NA,NA,NA,0.17315665,NA,NA,-0.087662355,-0.019666204,0.06755489,0.137970669,-0.287384759
Units180,0.035031624,0.01431311,0.043531819,0.143421429,0.082846334,0.074769012,0.438344309,0.52512345,0.736597987,0.909650253,1,0.674606464,0.12951007,0.406275194,0.259365391,0.121433196,0.489028958,0.118879153,0.244255731,0.681215839,0.196805567,0.327478047,0.853543956,0.3013037,0.346082864,0.948603485,0.339118893,0.142688737,0.662195095,0.344272863,0.360964031,0.481332501,0.682365679,0.834010471,0.926430956,0.438216683,0.082746612,0.014905253,0.033154007,0.049543707,0.072680075,0.09676167,0.406275194,0.395608273,0.190777268,0.353390397,0.456667436,0.495466486,0.466269359,0.262653522,0.381039715,0.463496442,0.4885679,0.498796877,0.482928877,0.233403486,0.108076076,0.198358563,0.273810533,0.310112468,0.289744359,0.037144255,0.234771266,0.283005104,0.2999038,0.301498048,0.249071692,0.368071332,0.064835952,0.398464806,0.384134063,0.492765534,0.453966376,0.536263136,0.472542628,0.556177451,0.485422253,0.53623177,0.385681551,0.115987797,-0.060888372,NA,NA,NA,NA,NA,NA,NA,NA,NA,NA,0.199162893,NA,NA,-0.08357492,-0.017436596,0.083413494,0.154628879,-0.276198371
Units360,0.134212682,0.011414502,0.049948681,0.169432937,0.094291319,0.091970377,0.628311763,0.339816717,0.481258717,0.603534679,0.674606464,1,0.392703857,0.515589652,0.241064588,0.079328219,0.314044733,0.080100811,0.158248749,0.448041513,0.131535576,0.220103918,0.568667046,0.206368105,0.236515676,0.640700704,0.243435398,0.427287483,0.889705807,0.318562041,0.626509982,0.310149942,0.445474312,0.554610995,0.627250539,0.771158767,0.078840985,0.007121308,0.019641087,0.036191652,0.054652038,0.093305411,0.515589652,0.369168855,0.134735982,0.249340407,0.321674457,0.357644854,0.419027796,0.115068556,0.240896574,0.294813124,0.311006803,0.315511482,0.231666649,0.319331644,0.068641828,0.135724339,0.193401917,0.219780099,0.253579303,0.040803855,0.148115531,0.182564168,0.197328873,0.199241141,0.146475938,0.222033418,0.083120745,0.252629054,0.242931813,0.317329669,0.291024629,0.34959941,0.306412244,0.363221182,0.314977267,0.304994013,0.175732892,0.203925737,0.164986472,NA,NA,NA,NA,NA,NA,NA,NA,NA,NA,0.229109372,-0.149558175,-0.123629437,-0.05143733,0.001736526,0.048156767,0.16569662,-0.24048803
FrequencyLF,0.647706047,0.005269664,0.028778866,0.055929813,0.028204198,0.033330214,0.309140926,0.026170532,0.092760772,0.128537776,0.12951007,0.392703857,1,-0.007579346,0.044050412,0.110628359,0.004057141,0.00645039,0.254062147,0.0129271,0.019292618,0.35377459,0.029786166,0.03948077,0.399014214,0.033335886,0.044362372,0.928670826,0.015049597,0.05238758,0.68542527,0.050251191,0.135023999,0.194075859,0.198628949,0.723186323,0.02204943,-0.000960872,0.003188949,0.003959938,0.006915303,0.028114945,-0.007579346,0.079455296,0.017016162,0.043350879,0.061697344,0.069299513,0.076424621,-0.101766446,0.001116802,0.003280638,0.006910886,0.005270019,-0.005012648,0.624022541,0.083638904,0.169016322,0.243030813,0.290552936,0.39107075,-0.020630846,-0.004588557,-0.001155486,0.001633176,0.002280397,0.000718643,0.136952113,0.014830017,0.007835185,0.007092721,0.024728633,0.019499408,0.050952785,0.040416591,0.067696401,0.05768845,0.106170943,0.028439583,0.248314847,NA,0.00098031,-0.004620047,-0.007437689,-0.011400537,-0.011493187,-0.022392024,-0.008219125,-0.018011181,0.044221181,0.04583687,0.10416693,0.017869154,0.014545201,0.036600594,0.046325789,0.05849955,0.064696567,-0.309040083
FrequencyApp,0.066412814,-0.022962452,0.027826567,0.164801834,0.107151215,0.073758224,0.913072353,0.213363445,0.28491198,0.354989711,0.406275194,0.515589652,-0.007579346,1,0.271903681,0.014389618,0.218374532,0.043181398,0.034565604,0.30388318,0.068880399,0.042191851,0.377420699,0.108303209,0.036566653,0.430823043,0.134463279,-0.022003908,0.599525573,0.188957039,0.554895742,0.185181213,0.248290246,0.300922906,0.350711845,0.249071489,0.07311174,0.002299689,0.008261887,0.017342058,0.029958444,0.051161974,1,0.411320129,0.089660975,0.155084653,0.198099852,0.224204179,0.272035585,-0.133246434,0.126084328,0.147302011,0.141758679,0.127871926,0.06638592,-5.87E-05,0.015322497,0.036525339,0.051341554,0.051554657,0.031453969,0.025309659,0.075069437,0.09162432,0.099150113,0.100136314,0.077662541,-0.071694437,-0.232525459,0.124904838,0.118670519,0.152344812,0.136040448,0.154160049,0.126702178,0.14550745,0.112283472,0.085656786,0.052028877,0.048624834,-0.726036131,-0.180969222,NA,-0.18460823,NA,-0.176398233,NA,-0.165363182,NA,-0.164891727,-0.307082591,0.176737614,-0.082146857,-0.065872688,-0.010375984,0.026790623,0.049577849,0.158369331,-0.022781709
FreqGamePlay,0.042511046,-0.002238446,0.033850385,0.166428905,0.13220177,0.050087847,0.28470622,0.117917576,0.171698973,0.224508559,0.259365391,0.241064588,0.044050412,0.271903681,1,0.011953106,0.111154301,0.172697547,0.033647254,0.162897394,0.33962984,0.049528078,0.217263074,0.496311235,0.052824371,0.251963521,0.603923706,0.037730004,0.240418194,0.744744089,0.21615324,0.098710022,0.145874174,0.190152119,0.226648694,0.149214762,0.133779969,0.005807327,0.023860195,0.043244294,0.073677233,0.099518713,0.271903681,0.651227282,0.174669348,0.300830541,0.410277632,0.476056508,0.546072462,-0.016007822,0.114801123,0.141607381,0.170543678,0.1739179,0.164445879,0.066409118,0.01741921,0.051619284,0.067949266,0.074384195,0.071947068,0.018921589,0.056380785,0.071162254,0.077274252,0.078101267,0.055031635,0.072752604,-0.154238643,0.119737672,0.118480002,0.154108331,0.145937167,0.184105463,0.170181602,0.188957749,0.168428465,0.172998117,0.107800791,0.053674813,-0.18071375,-0.151608759,-0.162690446,-0.178923833,-0.208932398,-0.21276319,-0.258793562,-0.224430114,-0.286791513,-0.137628629,-0.213283202,0.299189859,-0.121880851,-0.082507136,-0.001301537,0.058050057,0.142737092,0.234954998,-0.061943022
FrequencyLF7,NA,0.003812684,0.000495997,0.004035909,0.011355536,-0.007072884,0.043863259,0.238619864,0.170773714,0.147461207,0.121433196,0.079328219,0.110628359,0.014389618,0.011953106,1,0.039610229,0.014686173,0.407401911,0.04366041,0.018267305,0.29901908,0.073823668,0.035812818,0.269569765,0.064112254,0.031429968,0.12417116,0.037456292,0.027095726,0.072085421,0.477166584,0.311411852,0.22401237,0.184318126,0.093039596,0.007769301,0.000900873,0.014099393,0.013079534,0.014654779,0.011421184,0.014389618,0.02844771,0.027802251,0.047055328,0.062202554,0.053918555,0.044410248,0.034096383,0.038473573,0.026608684,0.031459449,0.039255805,0.035187998,0.227999243,0.77258177,0.644782867,0.459646422,0.37992666,0.26872788,0.012313639,0.0215719,0.033069983,0.038273512,0.039198454,0.038293053,0.129044096,0.012989181,0.137826289,0.12293693,0.132914728,0.111546101,0.118549737,0.095311754,0.10937744,0.090492134,0.092143869,0.064503284,NA,NA,NA,NA,NA,NA,NA,NA,NA,NA,NA,NA,NA,NA,NA,NA,NA,NA,NA,-0.273145282
FrequencyApp7,NA,0.006861576,0.019923376,0.076389596,0.02439474,0.059888689,0.202116882,0.946940746,0.676549062,0.560427125,0.489028958,0.314044733,0.004057141,0.218374532,0.111154301,0.039610229,1,0.132398587,0.030096616,0.750003663,0.122062554,0.032764368,0.624520673,0.142375619,0.028092972,0.537027884,0.144917625,0.007393745,0.354718018,0.154754348,0.144507811,0.820315975,0.580910238,0.46555282,0.41319552,0.181530543,0.056590177,0.039373455,0.047463006,0.053089298,0.060290686,0.069516002,0.218374532,0.184847055,0.209769452,0.25006475,0.255408919,0.23897426,0.215075226,0.206425164,0.643932296,0.61045708,0.494362891,0.434833785,0.341543167,0.042008372,0.046321316,0.061915395,0.06559182,0.062974725,0.056608832,0.028288953,0.276460277,0.261549554,0.238925982,0.231651156,0.200474417,0.21506818,0.059929104,0.562719939,0.541767663,0.542670186,0.537450112,0.453117404,0.445883156,0.40569207,0.398274413,0.333124028,0.256974308,NA,NA,NA,NA,NA,NA,NA,NA,NA,NA,NA,NA,NA,NA,NA,NA,NA,NA,NA,-0.058993737
FreqGamePlay7,NA,0.002798967,0.010783051,0.051444442,0.024839085,0.031779152,0.042338042,0.147504167,0.119556231,0.118818317,0.118879153,0.080100811,0.00645039,0.043181398,0.172697547,0.014686173,0.132398587,1,0.007315144,0.115703625,0.486260638,0.01238441,0.116830873,0.370736564,0.009836004,0.116918537,0.301891525,0.007642108,0.082626662,0.23660086,0.037170133,0.121432842,0.099162858,0.097025963,0.100266056,0.051868971,0.03319686,0.03870208,0.042491636,0.037884326,0.044895091,0.039312718,0.043181398,0.178595528,0.515161448,0.37208161,0.293497131,0.261139335,0.214312309,0.072872835,0.142935222,0.167047516,0.148242276,0.14152274,0.122750359,0.032234659,0.019672102,0.02449754,0.028662759,0.031839269,0.034334228,0.011421471,0.083103206,0.077194909,0.068792357,0.066250539,0.034590995,0.089527753,0.019587232,0.150713603,0.143845621,0.170405675,0.166443789,0.154101918,0.143399452,0.145870307,0.138229402,0.123745493,0.090590281,NA,NA,NA,NA,NA,NA,NA,NA,NA,NA,NA,NA,NA,NA,NA,NA,NA,NA,NA,-0.035367718
FrequencyLF30,NA,-0.002073464,0.003072598,0.022528921,0.008807122,0.016022577,0.106872532,0.116440887,0.371123317,0.289976723,0.244255731,0.158248749,0.254062147,0.034565604,0.033647254,0.407401911,0.030096616,0.007315144,1,0.058075844,0.02828787,0.747706509,0.079387424,0.043602639,0.676957643,0.083089979,0.041455597,0.273077552,0.056734132,0.045650499,0.137501448,0.208571032,0.546778475,0.380409981,0.323430132,0.157404547,0.051631614,0.000367949,0.007703737,0.008459031,0.010669627,0.065231101,0.034565604,0.065279977,0.021212407,0.071710042,0.097786161,0.083887444,0.076262709,0.012603012,0.021734996,0.032210164,0.046138059,0.047234631,0.03653421,0.39444255,0.318061697,0.623013948,0.677518598,0.618290188,0.496059758,0.010590054,0.026173598,0.04420129,0.056495599,0.058953314,0.056237681,0.209667075,0.017066714,0.072229611,0.0662003,0.133520897,0.106580292,0.177941139,0.152550994,0.179504437,0.154737878,0.167067751,0.109533502,NA,NA,NA,NA,NA,NA,NA,NA,NA,NA,NA,NA,NA,NA,NA,NA,NA,NA,NA,-0.465967942
FrequencyApp30,0.006305597,0.008231121,0.027547963,0.107550953,0.051069229,0.06731273,0.285887728,0.721982838,0.91396132,0.760352226,0.681215839,0.448041513,0.0129271,0.30388318,0.162897394,0.04366041,0.750003663,0.115703625,0.058075844,1,0.186741383,0.053616327,0.838524714,0.209088413,0.050541494,0.739952666,0.206378318,0.018471686,0.497375223,0.222563552,0.209039274,0.625201631,0.778882322,0.624665245,0.574813488,0.26197409,0.059252463,0.027609739,0.045715545,0.051165126,0.062183454,0.071178331,0.30388318,0.264062704,0.188665438,0.346105036,0.35255131,0.339011821,0.314275217,0.258142112,0.508475993,0.61214768,0.614663732,0.549662503,0.437338517,0.06525049,0.046069116,0.086031377,0.095849739,0.092623315,0.087731818,0.046011378,0.268148186,0.312814155,0.320683597,0.319973007,0.272927507,0.278420626,0.072641544,0.480720769,0.463462307,0.578418549,0.535672076,0.575138001,0.552203568,0.526851143,0.501696827,0.44302523,0.324624421,0.08252789,-0.288824481,NA,NA,NA,NA,NA,-0.697642185,NA,-0.659231244,NA,-0.605819271,0.138599285,NA,NA,-0.089689286,-0.027502174,0.051531232,0.10643878,-0.087895753
FreqGamePlay30,NA,0.003206892,0.020244695,0.07649822,0.045892769,0.03814738,0.070776541,0.131487103,0.194901517,0.198346171,0.196805567,0.131535576,0.019292618,0.068880399,0.33962984,0.018267305,0.122062554,0.486260638,0.02828787,0.186741383,1,0.030801985,0.194428898,0.749422476,0.028615461,0.19284592,0.589312176,0.020262531,0.131208788,0.46467673,0.062721883,0.114580814,0.167999181,0.167569437,0.171242247,0.085311724,0.049224302,0.018997359,0.058987698,0.05325275,0.063136736,0.056539705,0.068880399,0.272685724,0.296385024,0.474119597,0.402906784,0.369161127,0.318311868,0.11276987,0.123746227,0.177466092,0.201115741,0.196147322,0.182026794,0.047033406,0.0187423,0.037395292,0.047057639,0.049116109,0.04685981,0.007393944,0.067752182,0.08853442,0.09626054,0.09731737,0.077691125,0.12944127,0.03684379,0.128378972,0.123796238,0.189382008,0.178629786,0.211021194,0.197270772,0.202512068,0.189509795,0.183583876,0.129113593,NA,NA,NA,NA,NA,NA,NA,NA,NA,NA,NA,NA,NA,NA,NA,NA,NA,NA,NA,-0.046766629
FrequencyLF90,NA,-0.002193704,0.010011777,0.032861208,0.016138668,0.020022804,0.145357468,0.093499949,0.285839119,0.385850042,0.327478047,0.220103918,0.35377459,0.042191851,0.049528078,0.29901908,0.032764368,0.01238441,0.747706509,0.053616327,0.030801985,1,0.103486613,0.05874092,0.910331606,0.106325675,0.061516927,0.37810104,0.078435718,0.068713652,0.204353839,0.161343674,0.41523747,0.577105969,0.4895913,0.240646389,0.042999449,0.000260985,0.006628797,0.009686506,0.013037625,0.053738615,0.042191851,0.08407385,0.018278523,0.068051968,0.105072465,0.104978096,0.098065968,0.00774452,0.01725121,0.025414977,0.042235664,0.056302538,0.047498397,0.504581359,0.232954108,0.469141925,0.673121561,0.737336891,0.633241985,0.008393342,0.023239911,0.040035831,0.050901791,0.053066184,0.046942714,0.259550951,0.022656054,0.056819804,0.05280445,0.10501767,0.085407171,0.176695661,0.14722225,0.212425701,0.185545604,0.208697967,0.13196642,NA,NA,NA,NA,NA,NA,NA,NA,NA,NA,NA,NA,NA,NA,NA,NA,NA,NA,NA,-0.5820124
FrequencyApp90,0.022320695,0.011539273,0.042063141,0.129660232,0.069542186,0.073040666,0.365975444,0.614947169,0.785108203,0.933963837,0.853543956,0.568667046,0.029786166,0.377420699,0.217263074,0.073823668,0.624520673,0.116830873,0.079387424,0.838524714,0.194428898,0.103486613,1,0.296548685,0.095822014,0.902568995,0.282029126,0.037541216,0.616468784,0.292489151,0.277221854,0.550289311,0.686869368,0.793277354,0.742696413,0.343002883,0.067633927,0.024649638,0.042368276,0.056484832,0.070305963,0.079524758,0.377420699,0.340374215,0.191416121,0.353017041,0.452658693,0.434497932,0.404390103,0.282586858,0.43598422,0.529178436,0.549468001,0.576713366,0.486579698,0.096040967,0.059741084,0.099075472,0.12556925,0.131578431,0.122975461,0.048790278,0.25685148,0.30554426,0.318170851,0.31860688,0.264342616,0.318594391,0.068594229,0.434555023,0.419771106,0.527733551,0.489249932,0.553737626,0.49029719,0.568168387,0.525282937,0.494255974,0.36083565,0.094030806,-0.321106267,NA,NA,NA,NA,NA,NA,NA,-0.744040453,-0.267764733,-0.656127592,0.1678101,NA,NA,-0.092862158,-0.022353311,0.064604665,0.134453124,-0.122368996
FreqGamePlay90,NA,0.005620443,0.037751028,0.110264305,0.07640257,0.044559186,0.118048012,0.156274398,0.222172599,0.305902822,0.3013037,0.206368105,0.03948077,0.108303209,0.496311235,0.035812818,0.142375619,0.370736564,0.043602639,0.209088413,0.749422476,0.05874092,0.296548685,1,0.061427141,0.290972731,0.813089427,0.042227761,0.200064892,0.667136511,0.103779457,0.137694543,0.192249935,0.259783526,0.264047751,0.136004051,0.078702305,0.014753429,0.048983765,0.07990137,0.096811279,0.088214497,0.108303209,0.428526291,0.274580878,0.440063177,0.597650749,0.556282168,0.493219736,0.139749112,0.148188512,0.199096151,0.237114435,0.266336466,0.250429624,0.073447542,0.038547436,0.064544722,0.075027565,0.084233291,0.07819109,0.00996941,0.08966803,0.110984402,0.118421348,0.119231828,0.092908184,0.169850729,0.029527883,0.161351087,0.156551421,0.22063028,0.210907345,0.259607277,0.232654405,0.276809548,0.256847752,0.251969302,0.171567666,NA,NA,NA,NA,NA,NA,NA,NA,NA,NA,NA,NA,NA,NA,NA,NA,NA,NA,NA,-0.075807853
FrequencyLF180,NA,-0.002984311,0.008410773,0.032892936,0.017179656,0.018999382,0.155184483,0.082914023,0.26079821,0.353046585,0.346082864,0.236515676,0.399014214,0.036566653,0.052824371,0.269569765,0.028092972,0.009836004,0.676957643,0.050541494,0.028615461,0.910331606,0.095822014,0.061427141,1,0.102025254,0.067713105,0.422950664,0.074784201,0.072416838,0.226572194,0.144747011,0.377856225,0.527562765,0.524840443,0.265761741,0.03984782,5.57E-05,0.006018899,0.009045301,0.012774471,0.049525151,0.036566653,0.088881414,0.014058791,0.063837168,0.100207794,0.10737426,0.102506087,0.003649209,0.014832479,0.021918542,0.036736701,0.052012084,0.04338349,0.546685805,0.209761128,0.425776824,0.613060209,0.723752784,0.673829679,0.002368081,0.022628391,0.038926927,0.048864907,0.050825912,0.04458397,0.27440039,0.029804678,0.051495507,0.047905614,0.095828711,0.077400174,0.160450006,0.13299097,0.207875973,0.179535702,0.218935105,0.138633748,NA,NA,NA,NA,NA,NA,NA,NA,NA,NA,NA,NA,NA,NA,NA,NA,NA,NA,NA,-0.618877107
FrequencyApp180,0.023633,0.017450969,0.044289849,0.141228866,0.080817972,0.07440071,0.417602262,0.534820962,0.703857654,0.85502835,0.948603485,0.640700704,0.033335886,0.430823043,0.251963521,0.064112254,0.537027884,0.116918537,0.083089979,0.739952666,0.19284592,0.106325675,0.902568995,0.290972731,0.102025254,1,0.328735961,0.041048121,0.693520473,0.33541693,0.319800617,0.47743797,0.620986776,0.733223689,0.828800862,0.389148942,0.077214664,0.020437796,0.037845143,0.052230745,0.074967325,0.089901741,0.430823043,0.384154492,0.190980265,0.346724708,0.442357738,0.480902723,0.45252646,0.271451529,0.386591904,0.474898231,0.497985518,0.500879396,0.484823962,0.099320261,0.052830632,0.092662063,0.120750179,0.130535108,0.125391513,0.037350244,0.238930301,0.284091187,0.298016406,0.298921711,0.244937536,0.308035687,0.060185074,0.394533529,0.381516849,0.484166314,0.449091284,0.512166589,0.454261609,0.517559338,0.453686735,0.494050525,0.361060094,0.100195365,-0.340699401,NA,NA,NA,NA,NA,NA,NA,NA,NA,-0.688130939,0.191863609,NA,NA,-0.091049971,-0.020898381,0.078565624,0.151284235,-0.124884427
FreqGamePlay180,0.02994617,0.018342622,0.041898975,0.120067313,0.092730954,0.038823529,0.145968635,0.158011864,0.219136467,0.292022191,0.339118893,0.243435398,0.044362372,0.134463279,0.603923706,0.031429968,0.144917625,0.301891525,0.041455597,0.206378318,0.589312176,0.061516927,0.282029126,0.813089427,0.067713105,0.328735961,1,0.048024622,0.237905854,0.814076627,0.1238808,0.137055934,0.188203185,0.249021428,0.299220056,0.158212682,0.095068593,0.01218891,0.040178216,0.06844811,0.116667024,0.106541083,0.134463279,0.500238512,0.246300573,0.399247689,0.544157434,0.636765416,0.573022281,0.128918527,0.148892872,0.195557756,0.228347674,0.240244289,0.254065065,0.081975128,0.035855424,0.066606886,0.079159036,0.089112385,0.086108904,0.00595779,0.085927741,0.103704615,0.11042735,0.111132876,0.082664149,0.163880174,0.01991228,0.159419416,0.155601347,0.213199623,0.206229661,0.250463074,0.227883471,0.2579598,0.229400025,0.254603804,0.171122226,0.049729322,-0.066437237,NA,NA,NA,NA,NA,NA,NA,NA,-0.19224891,-0.322509127,0.267078853,-0.127134053,-0.107659321,-0.008391635,0.068289619,0.161767279,0.168215175,-0.083240482
FrequencyLF360,0.598581742,0.009722589,0.024166038,0.05047148,0.021826151,0.0337643,0.271102137,0.031928368,0.104210786,0.142673018,0.142688737,0.427287483,0.928670826,-0.022003908,0.037730004,0.12417116,0.007393745,0.007642108,0.273077552,0.018471686,0.020262531,0.37810104,0.037541216,0.042227761,0.422950664,0.041048121,0.048024622,1,0.020975852,0.056023374,0.666287555,0.057981127,0.15088541,0.214760018,0.218151675,0.785794494,0.023254818,-0.000779503,0.003667507,0.004560106,0.007348339,0.031438935,-0.022003908,0.067621158,0.013381042,0.041206764,0.06097821,0.068560426,0.075235427,-0.088502906,0.004887111,0.007348372,0.0119781,0.01236615,4.22E-05,0.630064313,0.09170515,0.185512785,0.263023697,0.312314826,0.417783601,-0.017962552,-0.002044063,0.00244628,0.005809359,0.006559077,0.006196375,0.16472218,0.03957139,0.014211786,0.013179346,0.033023311,0.026547046,0.061273075,0.049535953,0.079261955,0.06864468,0.119368043,0.034264068,0.229353181,NA,-0.007875423,-0.014006057,-0.014836517,-0.020847875,-0.019749769,-0.032469373,-0.017881343,-0.029974215,0.035550499,0.032243228,0.098190895,0.006747941,0.008013027,0.028966597,0.038952173,0.051044781,0.059626564,-0.38543208
FrequencyApp360,0.054566108,0.008306607,0.046688679,0.158590777,0.091819008,0.082463386,0.558209847,0.356832455,0.473720284,0.586611869,0.662195095,0.889705807,0.015049597,0.599525573,0.240418194,0.037456292,0.354718018,0.082626662,0.056734132,0.497375223,0.131208788,0.078435718,0.616468784,0.200064892,0.074784201,0.693520473,0.237905854,0.020975852,1,0.315980529,0.378083919,0.316298513,0.417895431,0.505190831,0.580859065,0.481208808,0.075296738,0.010890917,0.022450268,0.038082568,0.056532184,0.087368741,0.599525573,0.365853352,0.13936444,0.249732155,0.317002553,0.352791947,0.415033323,0.161669535,0.253344017,0.313148704,0.328875447,0.33226282,0.24324328,0.06871202,0.031690313,0.06564838,0.093190356,0.100920973,0.093016175,0.050282933,0.159671288,0.194535954,0.20841504,0.210028617,0.152792613,0.165682412,0.072845465,0.260730029,0.251440675,0.325102648,0.300594682,0.34774916,0.30734177,0.353640414,0.308387155,0.270817134,0.170612907,0.084130971,-0.465317968,NA,NA,NA,NA,NA,NA,NA,NA,NA,-0.89153302,0.200811502,-0.152385164,-0.131515497,-0.063929599,-0.011715333,0.031780984,0.153482293,-0.092255435
FreqGamePlay360,0.039396597,0.016842476,0.046239836,0.156189853,0.11715629,0.054035435,0.201476484,0.169084334,0.233785307,0.301285124,0.344272863,0.318562041,0.05238758,0.188957039,0.744744089,0.027095726,0.154754348,0.23660086,0.045650499,0.222563552,0.46467673,0.068713652,0.292489151,0.667136511,0.072416838,0.33541693,0.814076627,0.056023374,0.315980529,1,0.16336327,0.144617085,0.200195972,0.257011915,0.303121033,0.20103081,0.120574987,0.009986116,0.033695806,0.0602142,0.100167472,0.136070516,0.188957039,0.601116934,0.222396484,0.373784539,0.511560716,0.593659341,0.683139659,0.118639705,0.163326151,0.205703148,0.244447075,0.255556393,0.242874381,0.092354449,0.034308775,0.071166799,0.089439556,0.097553749,0.095398472,0.015836545,0.085087993,0.105095012,0.11354406,0.114633345,0.079732658,0.159375095,0.010873011,0.172883883,0.170554703,0.221672506,0.214534932,0.263796503,0.245700915,0.273516526,0.248879169,0.251644117,0.153199912,0.06424383,-0.081789932,NA,NA,NA,NA,NA,NA,NA,NA,-0.248566039,-0.414961678,0.329775737,-0.134939479,-0.112726557,-0.016808146,0.054806395,0.197300614,0.218269818,-0.091392586
TotalRevenueGenerated,0.257537323,0.010754462,0.042293891,0.15038503,0.077590645,0.087834438,0.766820986,0.158790667,0.240909552,0.319263239,0.360964031,0.626509982,0.68542527,0.554895742,0.21615324,0.072085421,0.144507811,0.037170133,0.137501448,0.209039274,0.062721883,0.204353839,0.277221854,0.103779457,0.226572194,0.319800617,0.1238808,0.666287555,0.378083919,0.16336327,1,0.165331307,0.256826945,0.344518371,0.393056919,0.832752511,0.062063072,-7.37E-06,0.006668623,0.012988357,0.023086463,0.053253476,0.554895742,0.320265849,0.071880316,0.13113902,0.173462187,0.196279461,0.23127713,-0.168999344,0.09216972,0.104554985,0.10072747,0.090146221,0.046260864,0.455077838,0.05281359,0.107502743,0.151666026,0.178067792,0.262249879,0.003979035,0.05162466,0.065090396,0.071598806,0.072565244,0.05545979,0.050679774,-0.149861709,0.095246523,0.090751386,0.120363927,0.10509559,0.133131247,0.105847651,0.136552833,0.104470442,0.130113024,0.045580095,0.241019621,0.306700512,-0.149752475,-0.163671517,-0.151436766,-0.185756834,-0.153565846,-0.200683213,-0.151065872,-0.205926721,-0.101385614,-0.162233748,0.193232194,-0.052164991,-0.033610872,0.014529815,0.041803561,0.068391037,0.150777453,-0.219014674
Revenue7,0.00301006,0.010979288,0.019242771,0.066165998,0.024723585,0.048218976,0.191725789,0.912253159,0.657359129,0.55272316,0.481332501,0.310149942,0.050251191,0.185181213,0.098710022,0.477166584,0.820315975,0.121432842,0.208571032,0.625201631,0.114580814,0.161343674,0.550289311,0.137694543,0.144747011,0.47743797,0.137055934,0.057981127,0.316298513,0.144617085,0.165331307,1,0.694155523,0.541750314,0.473682001,0.211035796,0.052772998,0.022879495,0.03285045,0.04205699,0.048891954,0.066217203,0.185181213,0.163451197,0.186992967,0.226950352,0.238443794,0.221031646,0.19909954,0.201656855,0.598059599,0.553008962,0.451533257,0.399887482,0.316326641,0.127606402,0.354183691,0.316718622,0.243954366,0.208319669,0.156868579,0.047507061,0.263322596,0.256300764,0.239159785,0.233181312,0.205805216,0.249563166,0.064522026,0.566527708,0.544932415,0.539842421,0.526495739,0.453548418,0.435981465,0.406705792,0.388455485,0.33557371,0.250810896,0.048102418,-0.028582694,NA,NA,NA,NA,NA,NA,NA,NA,-0.186610807,NA,0.088107782,NA,-0.105811516,-0.055735154,-0.025678281,0.030449152,0.065991706,-0.16060302
Revenue30,0.015452547,0.008661153,0.024891644,0.098166099,0.046485088,0.061569071,0.281248649,0.651704528,0.919722586,0.765042176,0.682365679,0.445474312,0.135023999,0.248290246,0.145874174,0.311411852,0.580910238,0.099162858,0.546778475,0.778882322,0.167999181,0.41523747,0.686869368,0.192249935,0.377856225,0.620986776,0.188203185,0.15088541,0.417895431,0.200195972,0.256826945,0.694155523,1,0.767429542,0.691860077,0.317523095,0.074055228,0.015067584,0.03257669,0.040156336,0.05005683,0.091215214,0.248290246,0.23961841,0.158920682,0.310958035,0.329797029,0.312119906,0.287816446,0.222965446,0.44080455,0.517613852,0.524719603,0.471996111,0.380690519,0.258174601,0.240917575,0.41091196,0.433087989,0.394526677,0.321395301,0.058935103,0.242501864,0.290526074,0.304188421,0.30498194,0.263915672,0.344263579,0.070762203,0.449510209,0.433467307,0.548805912,0.49848591,0.565215948,0.528925491,0.527234112,0.48567706,0.451181355,0.320609857,0.07808574,0.002681709,NA,NA,NA,NA,NA,NA,NA,NA,-0.219079057,NA,0.124539091,NA,-0.159677174,-0.070462817,-0.0202038,0.046715367,0.093188023,-0.314837442
Revenue90,0.0409827,0.01105541,0.039462735,0.114999773,0.059266613,0.067235458,0.353806137,0.514954593,0.718842647,0.91791438,0.834010471,0.554610995,0.194075859,0.300922906,0.190152119,0.22401237,0.46555282,0.097025963,0.380409981,0.624665245,0.167569437,0.577105969,0.793277354,0.259783526,0.527562765,0.733223689,0.249021428,0.214760018,0.505190831,0.257011915,0.344518371,0.541750314,0.767429542,1,0.908944737,0.421395411,0.071021056,0.014237598,0.030258094,0.044648266,0.056880932,0.085261269,0.300922906,0.296907172,0.152092359,0.301034941,0.399074291,0.385262209,0.356059855,0.223453798,0.350841293,0.414662019,0.43396779,0.468083021,0.399982928,0.330218086,0.171837938,0.295254015,0.420622803,0.464929358,0.409066725,0.052019111,0.213625265,0.260775892,0.275544593,0.276829999,0.230885899,0.381215164,0.06449733,0.370122897,0.357578369,0.455317416,0.414793287,0.507228871,0.438910705,0.5427627,0.488343795,0.485287175,0.339340263,0.094042018,0.021433062,NA,NA,NA,NA,NA,NA,NA,NA,-0.257576732,NA,0.143810601,NA,NA,-0.071215577,-0.015579374,0.054548455,0.12036629,-0.392079822
